world: 006cb374-fe5b-4f94-85fa-fe3bb835617a
world-name: world
x: 0.606748613150023
y: 79.5
z: -36.97119649247547
yaw: 178.28897094726562
pitch: -0.43988752365112305
name: crates
lastowner: bda819af-dfac-435f-b0e5-f7bc99542271
