world: 006cb374-fe5b-4f94-85fa-fe3bb835617a
world-name: world
x: 31.546868048019007
y: 80.0
z: -23.081666873610942
yaw: 0.8741455078125
pitch: 8.726255416870117
name: dailyrewards
lastowner: bda819af-dfac-435f-b0e5-f7bc99542271
