world: 006cb374-fe5b-4f94-85fa-fe3bb835617a
world-name: world
x: -25.789732959034257
y: 83.0
z: -17.58363811033831
yaw: 90.212890625
pitch: 5.948519229888916
name: Enchanting
lastowner: bda819af-dfac-435f-b0e5-f7bc99542271
