world: 006cb374-fe5b-4f94-85fa-fe3bb835617a
world-name: world
x: 351.5
y: 107.0
z: -236.5
yaw: -1.6522295475006104
pitch: 0.027398303151130676
name: pvp
lastowner: bda819af-dfac-435f-b0e5-f7bc99542271
