spawns:
  default:
    world: 388d3ee8-456e-4970-9883-d49b019040b8
    world-name: world
    x: -69.28920688421248
    y: 107.0
    z: -10.661108588538434
    yaw: 2.8106689453125
    pitch: 4.75144100189209
